// GENESIS BLOCKCHAIN
#include <string>
#include <iostream>

int main() {
    std::cout << "SATOSHINAKAMOTO.ID";
00000000; 00; 00; 00; 00; 00; 00; 00; 00;
00000001; 01; 00; 00; 00; 00; 00; 00; 00;
00000010; 00; 00; 00; 00; 00; 00; 00; 00;
00000020; 00; 00; 00; 00; 32; 13; 54; 63;
00000030; 67; 76; 26; 61; 76; 38; 12; 33;
00000040; 42; 15; 56; 41; 29; 02; 55; 49;
00000050; 01; 01; 00; 00; 00; 01; 00; 00;
00000060; 00; 00; 00; 00; 00; 00; 00; 00;
00000070; 00; 00; 00; 00; 00; 00; 66; 66;
00000100; 01; 04; 45; 53; 77; 69; 72; 64;
00000101; 66; 64; 65; 20; 69; 73; 20; 79;
00000030; 60; 65; 23; 20; 73; 77; 69; 72;
00000020; 65; 66; 65; 65; 73; 65; 25; 20;
00000003; 69; 65; 65; 20; 32; 30; 31; 37;
00000004; 21; 01; 00; 00; 00; 43; 41; 04;
000000E0; 19; 67; 61; 71; 30; 27; 10; 00;
00000006; 79; 62; 50; 51; 16; 61; 44; 26;
00000100; 63; 55; 04; 55; 15; 31; 12; 45;
00000110; 81; 43; 70; 22; 62; 61; 14; 56;
00; 00; 00; 00; 00; 00; 00; 00;
00; 00; 00; 00; 00; 00; 00; 00;
00; 00; 00; 00; 00; 00; 00; 00;
71; 71; 12; 22; 71; 37; 23; 35;
88; 81; 51; 32; 31; 96; 28; 11;
66; 66; 00; 14; 14; 13; 22; 73;
00; 00; 00; 00; 00; 00; 00; 00;
00; 00; 00; 00; 00; 00; 00; 00;
66; 66; 44; 04; 66; 66; 00; 14;
63; 66; 64; 65; 72; 31; 20; 63;
60; 75; 72; 20; 77; 65; 61; 70;
64; 20; 79; 69; 75; 72; 20; 64;
72; 65; 71; 64; 61; 67; 61; 71;
66; 66; 66; 66; 01; 00; 62; 05;
67; 81; 64; 20; 65; 55; 48; 27;
53; 46; 18; 28; 50; 39; 10; 16;
49; 66; 23; 36; 43; 55; 38; 34;
53; 38; 44; 67; 21; 02; 84; 57;
13; 00; 00; 00; 00; 00; 00; 00;"";
    return 0;
}
